1,0,0.177236,0
4,0.2,0.181235,0
7,0.4,0.187907,0
10,0.6,0.19717,0.0709532
13,0.8,0.202773,0.0652084
16,1,0.201158,0.0694965
19,1.2,0.191536,0.0651889
22,1.4,0.192492,0.0589915
25,1.6,0.192363,0.0624199
28,1.8,0.200624,0.0762506
31,2,0.206773,0.0989214
34,2.2,0.208903,0.116028
37,2.4,0.208146,0.123107
40,2.6,0.207241,0.12375
43,2.8,0.207538,0.118668
46,3,0.205528,0.109155
49,3.2,0.203811,0.09593
52,3.4,0.205774,0.0819797
55,3.6,0.208263,0.0657937
58,3.8,0.210651,0.0548686
61,4,0.213457,0.0521569
64,4.2,0.208903,0.0579146
67,4.4,0.204471,0.0620935
70,4.6,0.199176,0.0591164
73,4.8,0.198766,0.0583737
76,5,0.196031,0.0592634
79,5.2,0.199363,0.0644034
82,5.4,0.205762,0.0700961
85,5.6,0.225217,0.0816325
88,5.8,0.241413,0.0897287
91,6,0.26013,0.0957284
94,6.2,0.273061,0.0990736
97,6.4,0.279272,0.103544
100,6.6,0.277201,0.104584
103,6.8,0.268839,0.102097
106,7,0.258741,0.105921
109,7.2,0.250071,0.106442
112,7.4,0.250282,0.110992
115,7.6,0.257578,0.114458
118,7.8,0.264726,0.13073
121,8,0.268398,0.144085
124,8.2,0.274301,0.152613
127,8.4,0.271808,0.153184
130,8.6,0.27365,0.154051
133,8.8,0.270009,0.15606
136,9,0.265706,0.161044
139,9.2,0.258128,0.159028
142,9.4,0.255951,0.15928
145,9.6,0.254921,0.151098
148,9.8,0.253922,0.140901
151,10,0.247102,0.125992
154,10.2,0.242271,0.118338
157,10.4,0.238003,0.115059
160,10.6,0.236895,0.114954
163,10.8,0.234721,0.112515
166,11,0.23501,0.111562
169,11.2,0.235884,0.120246
172,11.4,0.237191,0.122075
175,11.6,0.23819,0.11703
178,11.8,0.235861,0.1055
181,12,0.236243,0.0909877
184,12.2,0.236645,0.090076
187,12.4,0.237644,0.0824948
190,12.6,0.238303,0.079346
193,12.8,0.238467,0.0575999
196,13,0.237406,0.0606719
199,13.2,0.237328,0.0500031
202,13.4,0.237039,0.0508276
205,13.6,0.236793,0.0267313
208,13.8,0.236786,0.0228035
211,14,0.236899,0.0238622
214,14.2,0.236126,0.0236736
217,14.4,0.235873,0.0291687
220,14.6,0.236243,0.0649093
223,14.8,0.235794,0.0699387
226,15,0.235701,0.0734452
229,15.2,0.235436,0.038148
232,15.4,0.235892,0.0356847
235,15.6,0.235205,0.0291687
238,15.8,0.234089,0.0247973
241,16,0.231545,0.0216642
244,16.2,0.231225,0.027578
247,16.4,0.233091,0.0255062
250,16.6,0.233957,0.0247609
253,16.8,0.233309,0.0143366
256,17,0.23343,0.0124156
259,17.2,0.23373,0.0116339
262,17.4,0.233933,0.0209879
265,17.6,0.233492,0.0266585
268,17.8,0.233332,0.0298788
271,18,0.231112,0.0445054
274,18.2,0.230695,0.0424101
277,18.4,0.237301,0.0393173
280,18.6,0.243551,0.0160404
283,18.8,0.249622,0.0178664
286,19,0.253197,0.0245658
289,19.2,0.251023,0.0289736
292,19.4,0.248908,0.029274
295,19.6,0.247137,0.0229323
298,19.8,0.24338,0.0250458
301,20,0.24043,0.0222807
304,20.2,0.240605,0.0304198
307,20.4,0.241511,0.0268068
310,20.6,0.241284,0.0283363
313,20.8,0.239458,0.0239129
316,21,0.237457,0.0221311
319,21.2,0.235065,0.0495088
322,21.4,0.234082,0.0660356
325,21.6,0.233844,0.083361
328,21.8,0.234058,0.0676458
331,22,0.233879,0.0695681
334,22.2,0.234054,0.0549141
337,22.4,0.234175,0.0422462
340,22.6,0.236438,0.0219256
343,22.8,0.242525,0.0214431
346,23,0.248097,0.0253761
349,23.2,0.250816,0.0304615
352,23.4,0.250512,0.0346728
355,23.6,0.250352,0.037646
358,23.8,0.249178,0.0391456
361,24,0.246868,0.0405099
364,24.2,0.245896,0.0395007
367,24.4,0.244917,0.0377084
370,24.6,0.243224,0.0406868
373,24.8,0.243083,0.0389869
376,25,0.243255,0.03868
379,25.2,0.243469,0.0313355
382,25.4,0.24487,0.0309349
385,25.6,0.248912,0.0306266
388,25.8,0.253961,0.0342618
391,26,0.259201,0.0410445
394,26.2,0.259443,0.0466761
397,26.4,0.261051,0.0440788
400,26.6,0.260797,0.0378346
403,26.8,0.263673,0.035076
406,27,0.272565,0.0421643
409,27.2,0.283705,0.0533092
412,27.4,0.296518,0.0680737
415,27.6,0.30783,0.0833389
418,27.8,0.318731,0.0999138
421,28,0.328431,0.125442
424,28.2,0.342794,0.150035
427,28.4,0.357437,0.172221
430,28.6,0.368179,0.183097
433,28.8,0.3791,0.194434
436,29,0.385413,0.2031
439,29.2,0.39095,0.207616
442,29.4,0.396062,0.211387
445,29.6,0.402738,0.224945
448,29.8,0.41017,0.235441
451,30,0.416468,0.245191
454,30.2,0.423039,0.244779
457,30.4,0.427674,0.248211
460,30.6,0.431556,0.250662
463,30.8,0.436258,0.253171
466,31,0.438673,0.252224
469,31.2,0.444136,0.264626
472,31.4,0.444027,0.267805
475,31.6,0.443644,0.2736
478,31.8,0.443519,0.263917
481,32,0.442926,0.260237
484,32.2,0.442321,0.243982
487,32.4,0.442306,0.241135
490,32.6,0.44208,0.239017
493,32.8,0.442485,0.258497
496,33,0.4411,0.246201
499,33.2,0.44126,0.167505
502,33.4,0.443874,0.0840074
505,33.6,0.444007,0.0245073
508,33.8,0.44483,0.0386904
511,34,0.44586,0.0530946
514,34.2,0.449345,0.0570562
517,34.4,0.463754,0.0605874
520,34.6,0.489057,0.0674169
523,34.8,0.503935,0.0721224
526,35,0.509257,0.073293
529,35.2,0.512172,0.0659693
532,35.4,0.512191,0.0665637
535,35.6,0.51287,0.0679176
538,35.8,0.512776,0.0689295
541,36,0.514009,0.0710859
544,36.2,0.52106,0.0901918
547,36.4,0.521236,0.0995743
550,36.6,0.518567,0.105539
553,36.8,0.516628,0.0923117
556,37,0.515882,0.0885296
559,37.2,0.516643,0.0893828
562,37.4,0.517712,0.0991542
565,37.6,0.516378,0.168573
568,37.8,0.514205,0.198176
571,38,0.512398,0.175666
574,38.2,0.512905,0.0911022
577,38.4,0.512523,0.0458788
580,38.6,0.513822,0.0406023
583,38.8,0.514903,0.0495934
586,39,0.51715,0.0591216
589,39.2,0.520912,0.0635515
592,39.4,0.52655,0.0640379
595,39.6,0.543796,0.0455927
598,39.8,0.55467,0.0513414
601,40,0.560843,0.0544446
604,40.2,0.565045,0.0742177
607,40.4,0.576856,0.0527304
610,40.6,0.584055,0.0559793
613,40.8,0.586864,0.058046
616,41,0.587676,0.0872563
619,41.2,0.596287,0.112358
622,41.4,0.594512,0.123219
625,41.6,0.593794,0.130374
628,41.8,0.593926,0.115122
631,42,0.596299,0.112449
634,42.2,0.598613,0.111692
637,42.4,0.600439,0.110685
640,42.6,0.604165,0.100807
643,42.8,0.604348,0.0905845
646,43,0.613174,0.0927617
649,43.2,0.612846,0.089929
652,43.4,0.61095,0.0915899
655,43.6,0.617341,0.0763039
658,43.8,0.617228,0.0800236
661,44,0.614633,0.0868453
664,44.2,0.6112,0.091785
667,44.4,0.60992,0.0960211
670,44.6,0.604703,0.122002
673,44.8,0.604949,0.13329
676,45,0.603591,0.137755
679,45.2,0.60626,0.11581
682,45.4,0.606018,0.114621
685,45.6,0.604446,0.114882
688,45.8,0.601402,0.115561
691,46,0.599319,0.114236
694,46.2,0.602581,0.170984
697,46.4,0.601047,0.191536
700,46.6,0.600798,0.207193
703,46.8,0.602924,0.163348
706,47,0.607813,0.140225
709,47.2,0.613237,0.124902
712,47.4,0.62026,0.107032
715,47.6,0.62731,0.101926
718,47.8,0.631716,0.0872628
721,48,0.65101,0.121281
724,48.2,0.650983,0.120948
727,48.4,0.65204,0.146555
730,48.6,0.652657,0.0822789
733,48.8,0.656028,0.0538971
736,49,0.658529,0.0077451
739,49.2,0.663414,0.00950222
742,49.4,0.666235,0.0103047
745,49.6,0.679716,0.0101902
748,49.8,0.684371,0.0124845
751,50,0.688479,0.012863
754,50.2,0.689439,0.0128604
757,50.4,0.691195,0.0100875
760,50.6,0.691409,0.00898458
763,50.8,0.69272,0.0116963
766,51,0.693091,0.0124676
769,51.2,0.701269,0.0252174
772,51.4,0.701905,0.0227359
775,51.6,0.701254,0.0219932
778,51.8,0.701542,0.0130867
781,52,0.699732,0.0147684
784,52.2,0.700957,0.0177702
787,52.4,0.699119,0.0178131
790,52.6,0.699966,0.017155
793,52.8,0.698472,0.0188354
796,53,0.694956,0.0226526
799,53.2,0.692954,0.0278486
802,53.4,0.687742,0.0344257
805,53.6,0.686079,0.0360359
808,53.8,0.68439,0.0403044
811,54,0.686715,0.0408871
814,54.2,0.698323,0.039208
817,54.4,0.699845,0.0306331
820,54.6,0.70951,0.0397231
823,54.8,0.712432,0.0374522
826,55,0.714961,0.0460349
829,55.2,0.716307,0.0321484
832,55.4,0.717275,0.0303444
835,55.6,0.718059,0.0200865
838,55.8,0.717871,0.0195442
841,56,0.71779,0.0225746
844,56.2,0.718703,0.0519384
847,56.4,0.718917,0.05651
850,56.6,0.718433,0.0537995
853,56.8,0.718219,0.0311911
856,57,0.717965,0.030005
859,57.2,0.7177,0.0302091
862,57.4,0.717025,0.033856
865,57.6,0.716678,0.0333566
868,57.8,0.716322,0.0373937
871,58,0.716077,0.0712745
874,58.2,0.715819,0.0837785
877,58.4,0.715367,0.0902854
880,58.6,0.717146,0.0607786
883,58.8,0.717989,0.0563513
886,59,0.718387,0.0488559
889,59.2,0.718515,0.0391404
892,59.4,0.71848,0.0265974
895,59.6,0.718859,0.022083
898,59.8,0.719682,0.0221129
901,60,0.72006,0.0230363
904,60.2,0.720529,0.0790078
907,60.4,0.720419,0.0838227
910,60.6,0.719893,0.0823868
913,60.8,0.71969,0.0249846
916,61,0.719584,0.0189238
919,61.2,0.718016,0.0138189
922,61.4,0.718149,0.0157776
925,61.6,0.718129,0.00950092
928,61.8,0.717786,0.00878429
931,62,0.717477,0.00684248
934,62.2,0.717446,0.0137032
937,62.4,0.717259,0.0191384
940,62.6,0.716962,0.0217175
943,62.8,0.716276,0.0228412
946,63,0.715605,0.0269837
949,63.2,0.715316,0.0297344
952,63.4,0.715761,0.0325919
955,63.6,0.716525,0.0368826
958,63.8,0.716123,0.0391677
961,64,0.715464,0.0371609
964,64.2,0.715429,0.0241353
967,64.4,0.715097,0.0226357
970,64.6,0.71491,0.0190916
973,64.8,0.714083,0.0201204
976,65,0.713673,0.0182501
979,65.2,0.710965,0.0454691
982,65.4,0.712382,0.0510435
985,65.6,0.713431,0.0571616
988,65.8,0.713501,0.0346806
991,66,0.712955,0.0370139
994,66.2,0.713045,0.0285795
997,66.4,0.712506,0.0223275
1000,66.6,0.714087,0.0193504
1003,66.8,0.714231,0.0188627
1006,67,0.713256,0.056813
1009,67.2,0.713349,0.0616721
1012,67.4,0.711601,0.0695368
1015,67.6,0.711075,0.0368318
1018,67.8,0.710989,0.0335725
1021,68,0.711285,0.0301792
1024,68.2,0.710954,0.0312978
1027,68.4,0.711402,0.0327961
1030,68.6,0.71079,0.0341617
1033,68.8,0.710794,0.0332292
1036,69,0.711976,0.0588003
1039,69.2,0.712112,0.0691974
1042,69.4,0.712058,0.0710169
1045,69.6,0.712319,0.0451362
1048,69.8,0.712546,0.037261
1051,70,0.712994,0.0368539
1054,70.2,0.713228,0.0376889
1057,70.4,0.713377,0.0333722
1060,70.6,0.712815,0.0633304
1063,70.8,0.712491,0.0641731
1066,71,0.71237,0.062031
1069,71.2,0.712124,0.0295432
1072,71.4,0.71214,0.0249274
1075,71.6,0.71219,0.0287759
1078,71.8,0.712358,0.0285171
1081,72,0.713025,0.03158
1084,72.2,0.71299,0.0299087
1087,72.4,0.710083,0.0551092
1090,72.6,0.710493,0.0547308
1093,72.8,0.710622,0.0573008
1096,73,0.710895,0.0327791
1099,73.2,0.711551,0.0295784
1102,73.4,0.710985,0.0274024
1105,73.6,0.711024,0.0263451
1108,73.8,0.710466,0.0284963
1111,74,0.71189,0.0548647
1114,74.2,0.712967,0.0591671
1117,74.4,0.711816,0.0604885
1120,74.6,0.712386,0.0362192
1123,74.8,0.712265,0.0355989
1126,75,0.711024,0.0336857
1129,75.2,0.708675,0.0344556
1132,75.4,0.707984,0.0350331
1135,75.6,0.707317,0.0471612
1138,75.8,0.705983,0.0440554
1141,76,0.706127,0.0441178
1144,76.2,0.704847,0.0318193
1147,76.4,0.704558,0.0302
1150,76.6,0.705944,0.0279409
1153,76.8,0.7075,0.0290308
1156,77,0.707419,0.0321353
1159,77.2,0.702736,0.0340576
1162,77.4,0.6937,0.0586131
1165,77.6,0.69807,0.0580707
1168,77.8,0.701277,0.0603598
1171,78,0.70505,0.0366641
1174,78.2,0.707239,0.0367681
1177,78.4,0.707614,0.0343646
1180,78.6,0.708351,0.033644
1183,78.8,0.708437,0.0343659
1186,79,0.710797,0.0495674
1189,79.2,0.711195,0.0562213
1192,79.4,0.711422,0.06072
1195,79.6,0.711695,0.0442375
1198,79.8,0.71269,0.0351176
1201,80,0.712869,0.0291557
1204,80.2,0.712967,0.028638
1207,80.4,0.712491,0.0274688
1210,80.6,0.71436,0.0689503
1213,80.8,0.713224,0.064999
1216,81,0.711656,0.0737378
1219,81.2,0.711184,0.0309089
1222,81.4,0.710938,0.0366628
1225,81.6,0.710091,0.0345662
1228,81.8,0.709323,0.0417858
1231,82,0.708921,0.0412643
1234,82.2,0.708593,0.0410822
1237,82.4,0.707083,0.0503269
1240,82.6,0.706537,0.0511658
1243,82.8,0.70656,0.0539205
1246,83,0.708374,0.0408897
1249,83.2,0.709978,0.0412669
1252,83.4,0.710224,0.0399858
1255,83.6,0.710571,0.0409639
1258,83.8,0.710181,0.0404631
1261,84,0.709412,0.0704928
1264,84.2,0.709584,0.0688722
1267,84.4,0.709631,0.0681309
1270,84.6,0.709892,0.034946
1273,84.8,0.710243,0.0338235
1276,85,0.708523,0.0372051
1279,85.2,0.708757,0.0399715
1282,85.4,0.708975,0.0442453
1285,85.6,0.70649,0.061901
1288,85.8,0.705869,0.0625617
1291,86,0.705405,0.0605002
1294,86.2,0.705655,0.0381025
1297,86.4,0.704672,0.0394942
1300,86.6,0.704063,0.0389596
1303,86.8,0.704001,0.0398778
1306,87,0.704184,0.0347808
1309,87.2,0.703759,0.0324254
1312,87.4,0.702795,0.0433088
1315,87.6,0.702967,0.0437836
1318,87.8,0.703712,0.0471456
1321,88,0.704594,0.0369827
1324,88.2,0.704824,0.0355377
1327,88.4,0.70379,0.0305785
1330,88.6,0.703267,0.0253787
1333,88.8,0.70363,0.0255829
1336,89,0.701855,0.0498197
1339,89.2,0.702639,0.0598252
1342,89.4,0.703661,0.0689919
1345,89.6,0.703782,0.0492838
1348,89.8,0.704301,0.046204
1351,90,0.703298,0.0398271
1354,90.2,0.702998,0.0405177
1357,90.4,0.703009,0.0386098
1360,90.6,0.703891,0.0561354
1363,90.8,0.70425,0.0565074
1366,91,0.703614,0.0591749
1369,91.2,0.702705,0.0450191
1372,91.4,0.703177,0.0468621
1375,91.6,0.702381,0.0470312
1378,91.8,0.700715,0.0462547
1381,92,0.70283,0.0469818
1384,92.2,0.702619,0.0478402
1387,92.4,0.700227,0.058829
1390,92.6,0.699353,0.0582203
1393,92.8,0.700259,0.056203
1396,93,0.70155,0.0429954
1399,93.2,0.702748,0.0366003
1402,93.4,0.702686,0.0319481
1405,93.6,0.703883,0.0277718
1408,93.8,0.704285,0.0291505
1411,94,0.707036,0.032242
1414,94.2,0.707473,0.0439292
1417,94.4,0.708468,0.0530035
1420,94.6,0.708995,0.0723409
1423,94.8,0.710306,0.0534419
1426,95,0.711656,0.0640756
1429,95.2,0.71191,0.047766
1432,95.4,0.712183,0.0630819
1435,95.6,0.712105,0.0954007
1438,95.8,0.709131,0.149175
1441,96,0.70752,0.21151
1444,96.2,0.70759,0.242122
1447,96.4,0.711203,0.278692
1450,96.6,0.711761,0.309483
1453,96.8,0.712698,0.329303
1456,97,0.7137,0.340907
1459,97.2,0.712288,0.344576
1462,97.4,0.711781,0.354862
1465,97.6,0.712998,0.356275
1468,97.8,0.711707,0.362916
1471,98,0.713724,0.372571
1474,98.2,0.71896,0.423712
1477,98.4,0.726081,0.461762
1480,98.6,0.729905,0.483824
1483,98.8,0.733912,0.434113
1486,99,0.734798,0.356224
1489,99.2,0.732597,0.21681
1492,99.4,0.733799,0.181965
1495,99.6,0.740529,0.171248
1498,99.8,0.745063,0.292558
1501,100,0.744388,0.336987
1504,100.2,0.740959,0.443696
1507,100.4,0.735414,0.535332
1510,100.6,0.740471,0.608644
1513,100.8,0.741513,0.644988
1516,101,0.73797,0.584138
1519,101.2,0.739706,0.549779
1522,101.4,0.740408,0.567007
1525,101.6,0.738645,0.614151
1528,101.8,0.739433,0.61323
1531,102,0.742839,0.599916
1534,102.2,0.743245,0.608811
1537,102.4,0.74529,0.660446
1540,102.6,0.753249,0.65505
1543,102.8,0.756484,0.641845
1546,103,0.758954,0.643375
1549,103.2,0.757229,0.651178
1552,103.4,0.755774,0.653404
1555,103.6,0.755934,0.647013
1558,103.8,0.759726,0.667699
1561,104,0.759426,0.688356
1564,104.2,0.757225,0.707882
1567,104.4,0.752309,0.695714
1570,104.6,0.752032,0.687747
1573,104.8,0.76046,0.684839
1576,105,0.763398,0.677476
1579,105.2,0.766945,0.622334
1582,105.4,0.765723,0.62093
1585,105.6,0.779528,0.621251
1588,105.8,0.785057,0.651559
1591,106,0.784815,0.636106
1594,106.2,0.782326,0.627087
1597,106.4,0.77231,0.662282
1600,106.6,0.757561,0.670969
1603,106.8,0.742617,0.67015
1606,107,0.738649,0.648653
1609,107.2,0.740721,0.662341
1612,107.4,0.744673,0.681689
1615,107.6,0.736553,0.694796
1618,107.8,0.733011,0.683248
1621,108,0.723307,0.668917
1624,108.2,0.726635,0.662549
1627,108.4,0.725125,0.661243
1630,108.6,0.721555,0.669596
1633,108.8,0.722405,0.673758
1636,109,0.705514,0.686619
1639,109.2,0.711258,0.687773
1642,109.4,0.705526,0.684289
1645,109.6,0.703045,0.662007
1648,109.8,0.700138,0.634793
1651,110,0.689673,0.610767
1654,110.2,0.689579,0.595539
1657,110.4,0.682591,0.590476
1660,110.6,0.676594,0.610445
1663,110.8,0.693821,0.625803
1666,111,0.704882,0.628859
1669,111.2,0.713919,0.621449
1672,111.4,0.715667,0.623852
1675,111.6,0.715534,0.621178
1678,111.8,0.71198,0.612375
1681,112,0.712085,0.588989
1684,112.2,0.71596,0.578998
1687,112.4,0.708008,0.571944
1690,112.6,0.706029,0.553873
1693,112.8,0.722796,0.575052
1696,113,0.729347,0.595802
