1 0.17502 0
4 0.172199 0.2
7 0.173065 0.4
10 0.174567 0.6
13 0.176936 0.8
16 0.177279 1
19 0.179928 1.2
22 0.185071 1.4
25 0.186214 1.6
28 0.191751 1.8
31 0.197065 2
34 0.200432 2.2
37 0.205103 2.4
40 0.207518 2.6
43 0.208876 2.8
46 0.209184 3
49 0.208337 3.2
52 0.207639 3.4
55 0.204201 3.6
58 0.198216 3.8
61 0.199652 4
64 0.199722 4.2
67 0.197693 4.4
70 0.198029 4.6
73 0.1949 4.8
76 0.196328 5
79 0.197752 5.2
82 0.201657 5.4
85 0.205606 5.6
88 0.207136 5.8
91 0.208099 6
94 0.210561 6.2
97 0.211045 6.4
100 0.212384 6.6
103 0.211744 6.8
106 0.211915 7
109 0.210636 7.2
112 0.209789 7.4
115 0.209684 7.6
118 0.209048 7.8
121 0.2092 8
124 0.209071 8.2
127 0.207623 8.4
130 0.208205 8.6
133 0.206718 8.8
136 0.206609 9
139 0.205243 9.2
142 0.204717 9.4
145 0.203546 9.6
148 0.203125 9.8
151 0.203296 10
154 0.204416 10.2
157 0.206328 10.4
160 0.207725 10.6
163 0.20909 10.8
166 0.211073 11
169 0.211693 11.2
172 0.214799 11.4
175 0.216859 11.6
178 0.218705 11.8
181 0.220601 12
184 0.220636 12.2
187 0.220156 12.4
190 0.218342 12.6
193 0.215329 12.8
196 0.214436 13
199 0.21261 13.2
202 0.211229 13.4
205 0.211022 13.6
208 0.206496 13.8
211 0.205392 14
214 0.205696 14.2
217 0.205536 14.4
220 0.205622 14.6
223 0.205064 14.8
226 0.205294 15
229 0.204432 15.2
232 0.204494 15.4
235 0.205497 15.6
238 0.207698 15.8
241 0.20925 16
244 0.210956 16.2
247 0.21293 16.4
250 0.216004 16.6
253 0.223562 16.8
256 0.232084 17
259 0.235455 17.2
262 0.242591 17.4
265 0.249743 17.6
268 0.252049 17.8
271 0.261137 18
274 0.267895 18.2
277 0.271043 18.4
280 0.274266 18.6
283 0.278551 18.8
286 0.282152 19
289 0.285117 19.2
292 0.287806 19.4
295 0.289909 19.6
298 0.288637 19.8
301 0.286791 20
304 0.286623 20.2
307 0.282991 20.4
310 0.276248 20.6
313 0.275148 20.8
316 0.266439 21
319 0.262713 21.2
322 0.259888 21.4
325 0.256451 21.6
328 0.253575 21.8
331 0.25402 22
334 0.253653 22.2
337 0.25608 22.4
340 0.25766 22.6
343 0.261968 22.8
346 0.264309 23
349 0.265737 23.2
352 0.269658 23.4
355 0.273783 23.6
358 0.270302 23.8
361 0.27434 24
364 0.277302 24.2
367 0.278012 24.4
370 0.279815 24.6
373 0.281883 24.8
376 0.282749 25
379 0.281809 25.2
382 0.281204 25.4
385 0.279865 25.6
388 0.278672 25.8
391 0.278375 26
394 0.277548 26.2
397 0.275449 26.4
400 0.273755 26.6
403 0.273985 26.8
406 0.272546 27
409 0.272608 27.2
412 0.271051 27.4
415 0.269822 27.6
418 0.267263 27.8
421 0.267403 28
424 0.265202 28.2
427 0.265351 28.4
430 0.264621 28.6
433 0.26139 28.8
436 0.261406 29
439 0.261293 29.2
442 0.25798 29.4
445 0.256564 29.6
448 0.255858 29.8
451 0.253107 30
454 0.250005 30.2
457 0.248951 30.4
460 0.246833 30.6
463 0.245132 30.8
466 0.244019 31
469 0.242931 31.2
472 0.242392 31.4
475 0.242115 31.6
478 0.241749 31.8
481 0.241331 32
484 0.241222 32.2
487 0.239868 32.4
490 0.238147 32.6
493 0.237991 32.8
496 0.237702 33
499 0.237671 33.2
502 0.23764 33.4
505 0.236942 33.6
508 0.235553 33.8
511 0.235627 34
514 0.235221 34.2
517 0.235619 34.4
520 0.235748 34.6
523 0.235958 34.8
526 0.236025 35
529 0.23581 35.2
532 0.23526 35.4
535 0.234593 35.6
538 0.234772 35.8
541 0.234983 36
544 0.235186 36.2
547 0.235927 36.4
550 0.237242 36.6
553 0.237652 36.8
556 0.237671 37
559 0.237262 37.2
562 0.237082 37.4
565 0.236926 37.6
568 0.236891 37.8
571 0.23716 38
574 0.237047 38.2
577 0.236411 38.4
580 0.236719 38.6
583 0.235018 38.8
586 0.235225 39
589 0.235826 39.2
592 0.236052 39.4
595 0.23599 39.6
598 0.23613 39.8
601 0.236411 40
604 0.236165 40.2
607 0.236118 40.4
610 0.236473 40.6
613 0.236087 40.8
616 0.235876 41
619 0.235814 41.2
622 0.236009 41.4
625 0.23572 41.6
628 0.235443 41.8
631 0.235642 42
634 0.235798 42.2
637 0.235568 42.4
640 0.235283 42.6
643 0.2354 42.8
646 0.235396 43
649 0.235338 43.2
652 0.235369 43.4
655 0.235381 43.6
658 0.235993 43.8
661 0.236364 44
664 0.236551 44.2
667 0.236427 44.4
670 0.235912 44.6
673 0.235869 44.8
676 0.235806 45
679 0.235798 45.2
682 0.235697 45.4
685 0.235572 45.6
688 0.235533 45.8
691 0.235592 46
694 0.235716 46.2
697 0.236349 46.4
700 0.236399 46.6
